@MAILBOX.TVT    345 345 3453 EEFI
002427242343534 NOME DA MATRIZ DO ESTABELECIMENTO 54534 5435343DIARIO
004427242343534 45340853847534 7534573475 03457340573453
004427242343534 45340853847534 7534573475 03457340573453
004427242343534 45340853847534 7534573475 03457340573453
004427242343534 45340853847534 7534573475 03457340573453
004427242343534 45340853847534 7534573475 03457340573453
004427242343534 45340853847534 7534573475 03457340573453
004427242343534 45340853847534 7534573475 03457340573453
004427242343534 45340853847534 7534573475 03457340573453
028 38475=2394823 424239 534-EGF87-347-634-M34-5 384-7638-0475
@MAILBOX.ACST01 345 345 3453 EEFI
002427242343534 NOME DA MATRIZ DO ESTABELECIMENTO 54534 5435344DIARIO
004427242343534 45340853847534 7534573475 03457340573453
004427242343534 45340853847534 7534573475 03457340573453
004427242343534 45340853847534 7534573475 03457340573453
004427242343534 45340853847534 7534573475 03457340573453
004427242343534 45340853847534 7534573475 03457340573453
004427242343534 45340853847534 7534573475 03457340573453
004427242343534 45340853847534 7534573475 03457340573453
004427242343534 45340853847534 7534573475 03457340573453
028 38475=2394823 424239 534-EGF87-347-634-M34-5 384-7638-0475
@MAILBOX.TXT 345 345 3453 EEFI
002427242343534 NOME DA MATRIZ DO ESTABELECIMENTO 54534 5435354DIARIO
004427242343534 45340853847534 7534573475 03457340573453
004427242343534 45340853847534 7534573475 03457340573453
004427242343534 45340853847534 7534573475 03457340573453
004427242343534 45340853847534 7534573475 03457340573453
004427242343534 45340853847534 7534573475 03457340573453
004427242343534 45340853847534 7534573475 03457340573453
004427242343534 45340853847534 7534573475 03457340573453
004427242343534 45340853847534 7534573475 03457340573453
028 38475=2394823 424239 534-EGF87-347-634-M34-5 384-7638-0475